{
  "pickable_object_name": "microtubule",
  "user_id": "mtfit",
  "session_id": "0",
  "run_name": "CCDC147C_001",
  "voxel_spacing": 8.2,
  "unit": "angstrom",
  "points": [
    {
      "location": {
        "x": 187.2,
        "y": 5552.454292040204,
        "z": 591.7320486019782
      },
      "transformation_": [
        [
          -0.6482718910690215,
          0.00005413703465245723,
          0.7614089258204004,
          187.2
        ],
        [
          -0.7596116859335871,
          0.0686217696589385,
          -0.6467465804486399,
          5552.454292040204
        ],
        [
          -0.052284240865944465,
          -0.9976427465771789,
          -0.04444444126113907,
          591.7320486019782
        ],
        [
          0.0,
          0.0,
          0.0,
          1.0
        ]
      ],
      "instance_id": 1,
      "score": 0.0
    },
    {
      "location": {
        "x": 257.2,
        "y": 5490.833187588409,
        "z": 593.3130852714457
      },
      "transformation_": [
        [
          -0.6478229317432939,
          0.008620791296095165,
          0.7617421683646988,
          257.2
        ],
        [
          -0.7599930354277005,
          0.06134518783596579,
          -0.6470296392212341,
          5490.833187588409
        ],
        [
          -0.05230712388302233,
          -0.9980793805538714,
          -0.033189078087330376,
          593.3130852714457
        ],
        [
          0.0,
          0.0,
          0.0,
          1.0
        ]
      ],
      "instance_id": 1,
      "score": 0.0
    },
    {
      "location": {
        "x": 327.2,
        "y": 5429.371992922812,
        "z": 595.0967927939145
      },
      "transformation_": [
        [
          -0.6450526874660585,
          0.06148020100841578,
          0.7616608269280889,
          327.2
        ],
        [
          -0.7623461021603748,
          0.016445999874461936,
          -0.6469605471812114,
          5429.371992922812
        ],
        [
          -0.05230153834925744,
          -0.9979728022206287,
          0.03626065518171395,
          595.0967927939145
        ],
        [
          0.0,
          0.0,
          0.0,
          1.0
        ]
      ],
      "instance_id": 1,
      "score": 0.0
    },
    {
      "location": {
        "x": 397.2,
        "y": 5368.060018268477,
        "z": 597.078189459651
      },
      "transformation_": [
        [
          -0.644132772589665,
          0.07903322250595984,
          0.7608197690756167,
          397.2
        ],
        [
          -0.7631274849107417,
          0.0015363288092768573,
          -0.6462461461916779,
          5368.060018268477
        ],
        [
          -0.05224378479548408,
          -0.996870798766878,
          0.059322824579835245,
          597.078189459651
        ],
        [
          0.0,
          0.0,
          0.0,
          1.0
        ]
      ],
      "instance_id": 1,
      "score": 0.0
    },
    {
      "location": {
        "x": 467.2,
        "y": 5306.886573850467,
        "z": 599.2522935589217
      },
      "transformation_": [
        [
          -0.6434663143072322,
          0.0917500040897265,
          0.7599559455003964,
          467.2
        ],
        [
          -0.7636935796865687,
          -0.009265402986487994,
          -0.6455124078226634,
          5306.886573850467
        ],
        [
          -0.05218446797065984,
          -0.9957389663245247,
          0.07603086376982719,
          599.2522935589217
        ],
        [
          0.0,
          0.0,
          0.0,
          1.0
        ]
      ],
      "instance_id": 1,
      "score": 0.0
    },
    {
      "location": {
        "x": 537.2,
        "y": 5245.840969893849,
        "z": 601.6141233819931
      },
      "transformation_": [
        [
          -0.644204132177957,
          0.07767160044777527,
          0.7608995719335938,
          537.2
        ],
        [
          -0.7630668715292259,
          0.0026929010270838882,
          -0.6463139313512111,
          5245.840969893849
        ],
        [
          -0.05224926467850982,
          -0.9969753611639253,
          0.0575338471911582,
          601.6141233819931
        ],
        [
          0.0,
          0.0,
          0.0,
          1.0
        ]
      ],
      "instance_id": 1,
      "score": 0.0
    },
    {
      "location": {
        "x": 607.2,
        "y": 5184.912516623687,
        "z": 604.1586972191316
      },
      "transformation_": [
        [
          -0.6441745246454502,
          0.07823654582252848,
          0.7608667588320361,
          607.2
        ],
        [
          -0.7630920203943825,
          0.0022130320934904413,
          -0.6462860596511213,
          5184.912516623687
        ],
        [
          -0.052247011476521665,
          -0.9969323675088058,
          0.05827610492354163,
          604.1586972191316
        ],
        [
          0.0,
          0.0,
          0.0,
          1.0
        ]
      ],
      "instance_id": 1,
      "score": 0.0
    },
    {
      "location": {
        "x": 677.2,
        "y": 5124.090524265042,
        "z": 606.8810333606037
      },
      "transformation_": [
        [
          -0.6447262486809762,
          0.06770902408674906,
          0.7614089258204007,
          677.2
        ],
        [
          -0.7626233817677165,
          0.011155189786057604,
          -0.64674658044864,
          5124.090524265042
        ],
        [
          -0.05228424086594441,
          -0.997642746577179,
          0.04444444126113904,
          606.8810333606037
        ],
        [
          0.0,
          0.0,
          0.0,
          1.0
        ]
      ],
      "instance_id": 1,
      "score": 0.0
    },
    {
      "location": {
        "x": 747.2,
        "y": 5063.364303042983,
        "z": 609.7761500966761
      },
      "transformation_": [
        [
          -0.6447262486809762,
          0.06770902408674906,
          0.7614089258204007,
          747.2
        ],
        [
          -0.7626233817677165,
          0.011155189786057604,
          -0.64674658044864,
          5063.364303042983
        ],
        [
          -0.05228424086594441,
          -0.997642746577179,
          0.04444444126113904,
          609.7761500966761
        ],
        [
          0.0,
          0.0,
          0.0,
          1.0
        ]
      ],
      "instance_id": 1,
      "score": 0.0
    },
    {
      "location": {
        "x": 817.2,
        "y": 5002.723163182571,
        "z": 612.8390657176151
      },
      "transformation_": [
        [
          -0.6447262486809762,
          0.06770902408674906,
          0.7614089258204007,
          817.2
        ],
        [
          -0.7626233817677165,
          0.011155189786057604,
          -0.64674658044864,
          5002.723163182571
        ],
        [
          -0.05228424086594441,
          -0.997642746577179,
          0.04444444126113904,
          612.8390657176151
        ],
        [
          0.0,
          0.0,
          0.0,
          1.0
        ]
      ],
      "instance_id": 1,
      "score": 0.0
    },
    {
      "location": {
        "x": 887.2,
        "y": 4942.156414908872,
        "z": 616.0647985136872
      },
      "transformation_": [
        [
          -0.6447262486809762,
          0.06770902408674906,
          0.7614089258204007,
          887.2
        ],
        [
          -0.7626233817677165,
          0.011155189786057604,
          -0.64674658044864,
          4942.156414908872
        ],
        [
          -0.05228424086594441,
          -0.997642746577179,
          0.04444444126113904,
          616.0647985136872
        ],
        [
          0.0,
          0.0,
          0.0,
          1.0
        ]
      ],
      "instance_id": 1,
      "score": 0.0
    },
    {
      "location": {
        "x": 957.2,
        "y": 4881.653368446949,
        "z": 619.4483667751588
      },
      "transformation_": [
        [
          -0.6447262486809762,
          0.06770902408674906,
          0.7614089258204007,
          957.2
        ],
        [
          -0.7626233817677165,
          0.011155189786057604,
          -0.64674658044864,
          4881.653368446949
        ],
        [
          -0.05228424086594441,
          -0.997642746577179,
          0.04444444126113904,
          619.4483667751588
        ],
        [
          0.0,
          0.0,
          0.0,
          1.0
        ]
      ],
      "instance_id": 1,
      "score": 0.0
    },
    {
      "location": {
        "x": 1027.2,
        "y": 4821.203334021868,
        "z": 622.9847887922964
      },
      "transformation_": [
        [
          -0.6447262486809762,
          0.06770902408674906,
          0.7614089258204007,
          1027.2
        ],
        [
          -0.7626233817677165,
          0.011155189786057604,
          -0.64674658044864,
          4821.203334021868
        ],
        [
          -0.05228424086594441,
          -0.997642746577179,
          0.04444444126113904,
          622.9847887922964
        ],
        [
          0.0,
          0.0,
          0.0,
          1.0
        ]
      ],
      "instance_id": 1,
      "score": 0.0
    },
    {
      "location": {
        "x": 1097.2,
        "y": 4760.7956218586905,
        "z": 626.6690828553666
      },
      "transformation_": [
        [
          -0.6447262486809762,
          0.06770902408674906,
          0.7614089258204007,
          1097.2
        ],
        [
          -0.7626233817677165,
          0.011155189786057604,
          -0.64674658044864,
          4760.7956218586905
        ],
        [
          -0.05228424086594441,
          -0.997642746577179,
          0.04444444126113904,
          626.6690828553666
        ],
        [
          0.0,
          0.0,
          0.0,
          1.0
        ]
      ],
      "instance_id": 1,
      "score": 0.0
    },
    {
      "location": {
        "x": 1167.2,
        "y": 4700.419542182484,
        "z": 630.4962672546359
      },
      "transformation_": [
        [
          -0.6447262486809762,
          0.06770902408674906,
          0.7614089258204007,
          1167.2
        ],
        [
          -0.7626233817677165,
          0.011155189786057604,
          -0.64674658044864,
          4700.419542182484
        ],
        [
          -0.05228424086594441,
          -0.997642746577179,
          0.04444444126113904,
          630.4962672546359
        ],
        [
          0.0,
          0.0,
          0.0,
          1.0
        ]
      ],
      "instance_id": 1,
      "score": 0.0
    },
    {
      "location": {
        "x": 1237.2,
        "y": 4640.064405218312,
        "z": 634.4613602803706
      },
      "transformation_": [
        [
          -0.645311023826143,
          0.05981537256948277,
          0.7615745555970399,
          1237.2
        ],
        [
          -0.7625220682191828,
          0.009846747163482841,
          -0.6468872676510478,
          4640.064405218312
        ],
        [
          -0.046192835020108014,
          -0.9981608902249539,
          0.03925632710955869,
          634.4613602803706
        ],
        [
          0.0,
          0.0,
          0.0,
          1.0
        ]
      ],
      "instance_id": 1,
      "score": 0.0
    },
    {
      "location": {
        "x": 1307.2,
        "y": 4579.719521191238,
        "z": 638.5593802228373
      },
      "transformation_": [
        [
          -0.6459283639500228,
          0.05261966615013264,
          0.7615823785901927,
          1307.2
        ],
        [
          -0.7625779909834296,
          0.0017531567676422055,
          -0.6468939125614224,
          4579.719521191238
        ],
        [
          -0.03537451501467753,
          -0.9986130868237193,
          0.038994185616315846,
          638.5593802228373
        ],
        [
          0.0,
          0.0,
          0.0,
          1.0
        ]
      ],
      "instance_id": 1,
      "score": 0.0
    },
    {
      "location": {
        "x": 1377.2,
        "y": 4519.374200326327,
        "z": 642.7853453723025
      },
      "transformation_": [
        [
          -0.6468908545159813,
          0.06775560903040195,
          0.7595665868036212,
          1377.2
        ],
        [
          -0.7625451153423772,
          -0.04759771282724991,
          -0.645181683559829,
          4519.374200326327
        ],
        [
          -0.007561045633003083,
          -0.9965659211404603,
          0.08245723382700686,
          642.7853453723025
        ],
        [
          0.0,
          0.0,
          0.0,
          1.0
        ]
      ],
      "instance_id": 1,
      "score": 0.0
    },
    {
      "location": {
        "x": 1447.2,
        "y": 4459.017752848642,
        "z": 647.1342740190327
      },
      "transformation_": [
        [
          -0.6473862902862014,
          0.06774773895455594,
          0.7591450684921923,
          1447.2
        ],
        [
          -0.7621620504521791,
          -0.05754544899086349,
          -0.6448236426736925,
          4459.017752848642
        ],
        [
          -1.6653345369377348e-16,
          -0.9960415479120263,
          0.0888888903801522,
          647.1342740190327
        ],
        [
          0.0,
          0.0,
          0.0,
          1.0
        ]
      ],
      "instance_id": 1,
      "score": 0.0
    },
    {
      "location": {
        "x": 1517.2,
        "y": 4398.639488983249,
        "z": 651.6011844532942
      },
      "transformation_": [
        [
          -0.6473862902862014,
          0.06774773895455594,
          0.7591450684921923,
          1517.2
        ],
        [
          -0.7621620504521791,
          -0.05754544899086349,
          -0.6448236426736925,
          4398.639488983249
        ],
        [
          -1.6653345369377348e-16,
          -0.9960415479120263,
          0.0888888903801522,
          651.6011844532942
        ],
        [
          0.0,
          0.0,
          0.0,
          1.0
        ]
      ],
      "instance_id": 1,
      "score": 0.0
    },
    {
      "location": {
        "x": 1587.2,
        "y": 4338.228718955212,
        "z": 656.1810949653536
      },
      "transformation_": [
        [
          -0.6437376436802307,
          0.07142202664394737,
          0.76190599172017,
          1587.2
        ],
        [
          -0.7650847024725249,
          -0.039610746385536647,
          -0.6427101888202091,
          4338.228718955212
        ],
        [
          -0.01572399922260498,
          -0.9966593615076578,
          0.08014282854750986,
          656.1810949653536
        ],
        [
          0.0,
          0.0,
          0.0,
          1.0
        ]
      ],
      "instance_id": 1,
      "score": 0.0
    },
    {
      "location": {
        "x": 1657.2,
        "y": 4277.774752989595,
        "z": 660.8690238454775
      },
      "transformation_": [
        [
          -0.6335924888663396,
          0.059310778811194065,
          0.7713901668863606,
          1657.2
        ],
        [
          -0.7727741080358114,
          -0.0006289416284119692,
          -0.63468085080762,
          4277.774752989595
        ],
        [
          -0.037158256170248705,
          -0.9982393680622088,
          0.046232326884427036,
          660.8690238454775
        ],
        [
          0.0,
          0.0,
          0.0,
          1.0
        ]
      ],
      "instance_id": 1,
      "score": 0.0
    },
    {
      "location": {
        "x": 1727.2,
        "y": 4217.266901311462,
        "z": 665.6599893839323
      },
      "transformation_": [
        [
          -0.6416086157317061,
          0.06871183786563434,
          0.7639483408948345,
          1727.2
        ],
        [
          -0.7644705733978285,
          0.0240461473549681,
          -0.644210000858554,
          4217.266901311462
        ],
        [
          -0.06263486750715375,
          -0.9973467131015722,
          0.037099962774258394,
          665.6599893839323
        ],
        [
          0.0,
          0.0,
          0.0,
          1.0
        ]
      ],
      "instance_id": 1,
      "score": 0.0
    },
    {
      "location": {
        "x": 1797.2,
        "y": 4156.694474145877,
        "z": 670.5490098709843
      },
      "transformation_": [
        [
          -0.6086480226115524,
          0.08904731540464395,
          0.788427650574403,
          1797.2
        ],
        [
          -0.7863939630454007,
          0.0644347651558863,
          -0.6143555126513105,
          4156.694474145877
        ],
        [
          -0.10550885961281181,
          -0.9939410126655059,
          0.03080817886004182,
          670.5490098709843
        ],
        [
          0.0,
          0.0,
          0.0,
          1.0
        ]
      ],
      "instance_id": 1,
      "score": 0.0
    },
    {
      "location": {
        "x": 1867.2,
        "y": 4096.046781717907,
        "z": 675.5311035969002
      },
      "transformation_": [
        [
          -0.6464885425067224,
          0.06775790289853861,
          0.7599088307174262,
          1867.2
        ],
        [
          -0.7627920716807532,
          -0.03890567436675341,
          -0.645472388164709,
          4096.046781717907
        ],
        [
          -0.01417108988463961,
          -0.9969429347243804,
          0.07683726384132306,
          675.5311035969002
        ],
        [
          0.0,
          0.0,
          0.0,
          1.0
        ]
      ],
      "instance_id": 1,
      "score": 0.0
    },
    {
      "location": {
        "x": 1937.2,
        "y": 4035.313134252613,
        "z": 680.6012888519464
      },
      "transformation_": [
        [
          -0.6469470507022609,
          0.06775498611763903,
          0.7595187788618825,
          1937.2
        ],
        [
          -0.7625057219044202,
          -0.048764918192802584,
          -0.6451410751275015,
          4035.313134252613
        ],
        [
          -0.006673653472085539,
          -0.996509530616666,
          0.083211884604825,
          680.6012888519464
        ],
        [
          0.0,
          0.0,
          0.0,
          1.0
        ]
      ],
      "instance_id": 1,
      "score": 0.0
    },
    {
      "location": {
        "x": 2007.2,
        "y": 3974.4828419750606,
        "z": 685.7545839263894
      },
      "transformation_": [
        [
          -0.6473862902862014,
          0.06774773895455594,
          0.7591450684921923,
          2007.2
        ],
        [
          -0.7621620504521791,
          -0.05754544899086349,
          -0.6448236426736925,
          3974.4828419750606
        ],
        [
          -1.6653345369377348e-16,
          -0.9960415479120263,
          0.0888888903801522,
          685.7545839263894
        ],
        [
          0.0,
          0.0,
          0.0,
          1.0
        ]
      ],
      "instance_id": 1,
      "score": 0.0
    },
    {
      "location": {
        "x": 2077.2,
        "y": 3913.5452151103154,
        "z": 690.9860071104956
      },
      "transformation_": [
        [
          -0.6473862902862014,
          0.06774773895455594,
          0.7591450684921923,
          2077.2
        ],
        [
          -0.7621620504521791,
          -0.05754544899086349,
          -0.6448236426736925,
          3913.5452151103154
        ],
        [
          -1.6653345369377348e-16,
          -0.9960415479120263,
          0.0888888903801522,
          690.9860071104956
        ],
        [
          0.0,
          0.0,
          0.0,
          1.0
        ]
      ],
      "instance_id": 1,
      "score": 0.0
    },
    {
      "location": {
        "x": 2147.2,
        "y": 3852.4895638834396,
        "z": 696.2905766945316
      },
      "transformation_": [
        [
          -0.6473862902862018,
          0.05943647669375607,
          0.7598409678266255,
          2147.2
        ],
        [
          -0.7621620504521793,
          -0.05048579909170808,
          -0.6454147449048572,
          3852.4895638834396
        ],
        [
          0.0,
          -0.9969546074562797,
          0.07798404113468166,
          696.2905766945316
        ],
        [
          0.0,
          0.0,
          0.0,
          1.0
        ]
      ],
      "instance_id": 1,
      "score": 0.0
    },
    {
      "location": {
        "x": 2217.2,
        "y": 3791.305198519499,
        "z": 701.6633109687639
      },
      "transformation_": [
        [
          -0.6476232834136899,
          0.05465831645142505,
          0.7599977310644865,
          2217.2
        ],
        [
          -0.7619490089005098,
          -0.05197706808441245,
          -0.6455479008012337,
          3791.305198519499
        ],
        [
          0.004217892364990816,
          -0.9971513690689315,
          0.07530840954337785,
          701.6633109687639
        ],
        [
          0.0,
          0.0,
          0.0,
          1.0
        ]
      ],
      "instance_id": 1,
      "score": 0.0
    },
    {
      "location": {
        "x": 2287.2,
        "y": 3729.9814292435567,
        "z": 707.0992282234589
      },
      "transformation_": [
        [
          -0.648538757994481,
          0.04598932785194709,
          0.7597910641108532,
          2287.2
        ],
        [
          -0.7608733346547535,
          -0.06757433186798961,
          -0.6453723563059939,
          3729.9814292435567
        ],
        [
          0.021662132635819786,
          -0.9966537469935692,
          0.07881662650321458,
          707.0992282234589
        ],
        [
          0.0,
          0.0,
          0.0,
          1.0
        ]
      ],
      "instance_id": 1,
      "score": 0.0
    },
    {
      "location": {
        "x": 2357.2,
        "y": 3668.507566280678,
        "z": 712.593346748883
      },
      "transformation_": [
        [
          -0.6476116745638812,
          0.06087955348373497,
          0.7595345936402021,
          2357.2
        ],
        [
          -0.7619619534709225,
          -0.05647691435660433,
          -0.6451545083214818,
          3668.507566280678
        ],
        [
          0.0036194518012655497,
          -0.9965460541853439,
          0.08296301257958556,
          712.593346748883
        ],
        [
          0.0,
          0.0,
          0.0,
          1.0
        ]
      ],
      "instance_id": 1,
      "score": 0.0
    },
    {
      "location": {
        "x": 2427.2,
        "y": 3606.872919855927,
        "z": 718.1406848353029
      },
      "transformation_": [
        [
          -0.6473862902862018,
          0.01968632139377563,
          0.7619077633804836,
          2427.2
        ],
        [
          -0.7621620504521791,
          -0.016721712356233154,
          -0.6471702968975057,
          3606.872919855927
        ],
        [
          -1.1102230246251565e-16,
          -0.9996663608853988,
          0.0258295744088754,
          718.1406848353029
        ],
        [
          0.0,
          0.0,
          0.0,
          1.0
        ]
      ],
      "instance_id": 1,
      "score": 0.0
    },
    {
      "location": {
        "x": 2497.2,
        "y": 3545.0668001943686,
        "z": 723.7362607729849
      },
      "transformation_": [
        [
          -0.6473862902862013,
          0.06232253474666122,
          0.7596096976817905,
          2497.2
        ],
        [
          -0.7621620504521791,
          -0.05293723893355301,
          -0.6452183022703415,
          3545.0668001943686
        ],
        [
          -2.220446049250313e-16,
          -0.9966511678600707,
          0.08177071360307969,
          723.7362607729849
        ],
        [
          0.0,
          0.0,
          0.0,
          1.0
        ]
      ],
      "instance_id": 1,
      "score": 0.0
    },
    {
      "location": {
        "x": 2567.2,
        "y": 3483.0785175210663,
        "z": 729.3750928521956
      },
      "transformation_": [
        [
          -0.6471267534143341,
          0.06529564428088164,
          0.7595810976145791,
          2567.2
        ],
        [
          -0.7623717088418058,
          -0.050140483738196476,
          -0.6451940091539328,
          3483.0785175210663
        ],
        [
          -0.0040425948410858226,
          -0.9966054438585237,
          0.08222680036646567,
          729.3750928521956
        ],
        [
          0.0,
          0.0,
          0.0,
          1.0
        ]
      ],
      "instance_id": 1,
      "score": 0.0
    },
    {
      "location": {
        "x": 2637.2,
        "y": 3420.8973820610845,
        "z": 735.0521993632013
      },
      "transformation_": [
        [
          -0.6404889339400787,
          0.06138232813838146,
          0.7655103756923309,
          2637.2
        ],
        [
          -0.7679077609735203,
          -0.03876685628795004,
          -0.6393862693944748,
          3420.8973820610845
        ],
        [
          -0.009570587073748027,
          -0.9973611886602874,
          0.07196570862016374,
          735.0521993632013
        ],
        [
          0.0,
          0.0,
          0.0,
          1.0
        ]
      ],
      "instance_id": 1,
      "score": 0.0
    },
    {
      "location": {
        "x": 2707.2,
        "y": 3358.5127040394877,
        "z": 740.7625985962687
      },
      "transformation_": [
        [
          -0.62862402258872,
          0.053263484016332796,
          0.7758832640899133,
          2707.2
        ],
        [
          -0.7776997802467316,
          -0.03810240140862896,
          -0.6274800863860788,
          3358.5127040394877
        ],
        [
          -0.003858759977200865,
          -0.9978532999781768,
          0.06537508465845977,
          740.7625985962687
        ],
        [
          0.0,
          0.0,
          0.0,
          1.0
        ]
      ],
      "instance_id": 1,
      "score": 0.0
    },
    {
      "location": {
        "x": 2777.2,
        "y": 3295.9137936813404,
        "z": 746.5013088416642
      },
      "transformation_": [
        [
          -0.6434939518890316,
          0.05314189975301081,
          0.7636042642448233,
          2777.2
        ],
        [
          -0.7654511962772264,
          -0.04467494629216101,
          -0.6419412864830831,
          3295.9137936813404
        ],
        [
          -2.220446049250313e-16,
          -0.9975871328683192,
          0.06942558847835939,
          746.5013088416642
        ],
        [
          0.0,
          0.0,
          0.0,
          1.0
        ]
      ],
      "instance_id": 1,
      "score": 0.0
    },
    {
      "location": {
        "x": 2847.2,
        "y": 3233.0899612117064,
        "z": 752.2633483896542
      },
      "transformation_": [
        [
          -0.6406795264055175,
          0.050060679530575525,
          0.766174701233171,
          2847.2
        ],
        [
          -0.7678084034736803,
          -0.0417719476735145,
          -0.6393163222871441,
          3233.0899612117064
        ],
        [
          -2.7755575615628914e-16,
          -0.9978722527220096,
          0.06519944207968204,
          752.2633483896542
        ],
        [
          0.0,
          0.0,
          0.0,
          1.0
        ]
      ],
      "instance_id": 1,
      "score": 0.0
    },
    {
      "location": {
        "x": 2917.2,
        "y": 3170.030516855651,
        "z": 758.0437355305053
      },
      "transformation_": [
        [
          -0.6332664520452146,
          0.051473346277161325,
          0.7722202375858181,
          2917.2
        ],
        [
          -0.773933847763532,
          -0.042117738442411595,
          -0.6318643014084833,
          3170.030516855651
        ],
        [
          8.881784197001252e-16,
          -0.9977858441226395,
          0.06650871573314246,
          758.0437355305053
        ],
        [
          0.0,
          0.0,
          0.0,
          1.0
        ]
      ],
      "instance_id": 1,
      "score": 0.0
    },
    {
      "location": {
        "x": 2987.2,
        "y": 3106.724770838238,
        "z": 763.8374885544838
      },
      "transformation_": [
        [
          -0.6373881367860313,
          0.054158528823059826,
          0.7686372465865504,
          2987.2
        ],
        [
          -0.7705429015210197,
          -0.04479958703073045,
          -0.6358117912695899,
          3106.724770838238
        ],
        [
          -2.220446049250313e-16,
          -0.9975268671858407,
          0.07028619524773122,
          763.8374885544838
        ],
        [
          0.0,
          0.0,
          0.0,
          1.0
        ]
      ],
      "instance_id": 1,
      "score": 0.0
    },
    {
      "location": {
        "x": 3057.2,
        "y": 3043.1620333845312,
        "z": 769.6396257518564
      },
      "transformation_": [
        [
          -0.6306376380973489,
          0.05016050086791074,
          0.7744547072409573,
          3057.2
        ],
        [
          -0.7760774248842679,
          -0.040760237031551835,
          -0.6293190237567386,
          3043.1620333845312
        ],
        [
          -1.6653345369377348e-16,
          -0.9979090776367411,
          0.06463337195433928,
          769.6396257518564
        ],
        [
          0.0,
          0.0,
          0.0,
          1.0
        ]
      ],
      "instance_id": 1,
      "score": 0.0
    },
    {
      "location": {
        "x": 3127.2,
        "y": 2979.3316147195956,
        "z": 775.4451654128895
      },
      "transformation_": [
        [
          -0.6739666521433387,
          -0.015594438150254797,
          0.7385971603638061,
          3127.2
        ],
        [
          -0.7385782210747829,
          -0.008061926612492151,
          -0.674119586344518,
          2979.3316147195956
        ],
        [
          0.016467032298173034,
          -0.9998458975452531,
          -0.00608424269882922,
          775.4451654128895
        ],
        [
          0.0,
          0.0,
          0.0,
          1.0
        ]
      ],
      "instance_id": 1,
      "score": 0.0
    },
    {
      "location": {
        "x": 3197.2,
        "y": 2915.2228250684957,
        "z": 781.2491258278496
      },
      "transformation_": [
        [
          -0.689594124165086,
          0.015415219244292011,
          0.7240319847442089,
          3197.2
        ],
        [
          -0.723689595251844,
          -0.05205280845587332,
          -0.6881597742211313,
          2915.2228250684957
        ],
        [
          0.0270797644230949,
          -0.9985253507785902,
          0.04705114463308105,
          781.2491258278496
        ],
        [
          0.0,
          0.0,
          0.0,
          1.0
        ]
      ],
      "instance_id": 1,
      "score": 0.0
    },
    {
      "location": {
        "x": 3267.2,
        "y": 2850.8249746562947,
        "z": 787.0465252870031
      },
      "transformation_": [
        [
          -0.6158451368302651,
          0.00828321921443359,
          0.7878236831436063,
          3267.2
        ],
        [
          -0.7875806909045331,
          -0.03343820068447022,
          -0.615303617776885,
          2850.8249746562947
        ],
        [
          0.021246711671454366,
          -0.9994064613631585,
          0.027116456787702706,
          787.0465252870031
        ],
        [
          0.0,
          0.0,
          0.0,
          1.0
        ]
      ],
      "instance_id": 1,
      "score": 0.0
    },
    {
      "location": {
        "x": 3337.2,
        "y": 2786.1273737080583,
        "z": 792.8323820806165
      },
      "transformation_": [
        [
          -0.67371871982131,
          -0.02365452698668219,
          0.7386091997229464,
          3337.2
        ],
        [
          -0.7382601841931642,
          -0.02280062916602868,
          -0.6741305746995225,
          2786.1273737080583
        ],
        [
          0.032786994333277586,
          -0.9994601516131942,
          -0.0021019847573329475,
          792.8323820806165
        ],
        [
          0.0,
          0.0,
          0.0,
          1.0
        ]
      ],
      "instance_id": 1,
      "score": 0.0
    },
    {
      "location": {
        "x": 3407.2,
        "y": 2721.11933244885,
        "z": 798.6017144989564
      },
      "transformation_": [
        [
          -0.514841646206162,
          -0.0037257314903425542,
          0.8572772003597148,
          3407.2
        ],
        [
          -0.8571451872457772,
          -0.015841433877154754,
          -0.5148312121017108,
          2721.11933244885
        ],
        [
          0.015498622943029394,
          -0.9998675751806222,
          0.004962337079663204,
          798.6017144989564
        ],
        [
          0.0,
          0.0,
          0.0,
          1.0
        ]
      ],
      "instance_id": 1,
      "score": 0.0
    },
    {
      "location": {
        "x": 3477.2,
        "y": 2655.7901611037346,
        "z": 804.3495408322891
      },
      "transformation_": [
        [
          -0.6706620755596177,
          0.0691077360152007,
          0.7385367297764676,
          3477.2
        ],
        [
          -0.7366380963626575,
          0.05478556009946904,
          -0.6740644311872475,
          2655.7901611037346
        ],
        [
          -0.08704421516255867,
          -0.9961037411973919,
          0.014164793655164473,
          804.3495408322891
        ],
        [
          0.0,
          0.0,
          0.0,
          1.0
        ]
      ],
      "instance_id": 1,
      "score": 0.0
    },
    {
      "location": {
        "x": 3547.2,
        "y": 2590.129169897776,
        "z": 810.0708793708812
      },
      "transformation_": [
        [
          -0.703792318538029,
          -0.011628338350322898,
          0.7103106039713019,
          3547.2
        ],
        [
          -0.7080693245425036,
          -0.06954390477581228,
          -0.7027100945272207,
          2590.129169897776
        ],
        [
          0.05756912374517975,
          -0.9975111162567278,
          0.04071079630109199,
          810.0708793708812
        ],
        [
          0.0,
          0.0,
          0.0,
          1.0
        ]
      ],
      "instance_id": 1,
      "score": 0.0
    },
    {
      "location": {
        "x": 3617.2,
        "y": 2524.125669056039,
        "z": 815.7607484049993
      },
      "transformation_": [
        [
          -0.7013938704446554,
          -0.005005588768403291,
          0.7127563276350115,
          3617.2
        ],
        [
          -0.7108537097460618,
          -0.06843898218869499,
          -0.7000022207516471,
          2524.125669056039
        ],
        [
          0.05228424086594402,
          -0.997642746577179,
          0.044444441261138945,
          815.7607484049993
        ],
        [
          0.0,
          0.0,
          0.0,
          1.0
        ]
      ],
      "instance_id": 1,
      "score": 0.0
    },
    {
      "location": {
        "x": 3687.2,
        "y": 2457.768968803587,
        "z": 821.4141662249095
      },
      "transformation_": [
        [
          -0.7180613723578952,
          0.010725522320452097,
          0.6958971394526996,
          3687.2
        ],
        [
          -0.6959509582578537,
          -0.02016621119855877,
          -0.7178060933329216,
          2457.768968803587
        ],
        [
          0.006334763410877298,
          -0.9997391095165025,
          0.021945014825230924,
          821.4141662249095
        ],
        [
          0.0,
          0.0,
          0.0,
          1.0
        ]
      ],
      "instance_id": 1,
      "score": 0.0
    },
    {
      "location": {
        "x": 3757.2,
        "y": 2391.0483793654857,
        "z": 827.0261511208786
      },
      "transformation_": [
        [
          -0.7059993839191357,
          0.09221489515496495,
          0.7021832261008234,
          3757.2
        ],
        [
          -0.7043747797306721,
          0.011649075227367175,
          -0.7097326741285868,
          2391.0483793654857
        ],
        [
          -0.07362770935706436,
          -0.9956709858974029,
          0.05672960652891661,
          827.0261511208786
        ],
        [
          0.0,
          0.0,
          0.0,
          1.0
        ]
      ],
      "instance_id": 1,
      "score": 0.0
    },
    {
      "location": {
        "x": 3827.2,
        "y": 2323.9532109667985,
        "z": 832.5917213831731
      },
      "transformation_": [
        [
          -0.6947535655690329,
          0.14452537669298338,
          0.7045778158733544,
          3827.2
        ],
        [
          -0.704222290612379,
          0.06250011833664755,
          -0.7072232325175404,
          2323.9532109667985
        ],
        [
          -0.14624790095508827,
          -0.9875252658538191,
          0.05835581176347733,
          832.5917213831731
        ],
        [
          0.0,
          0.0,
          0.0,
          1.0
        ]
      ],
      "instance_id": 1,
      "score": 0.0
    },
    {
      "location": {
        "x": 3897.2,
        "y": 2256.4727738325905,
        "z": 838.1058953020593
      },
      "transformation_": [
        [
          -0.6966117324783975,
          0.10290575707380367,
          0.7100299284780273,
          3897.2
        ],
        [
          -0.7137020484328103,
          0.001608441899068086,
          -0.7004475704701012,
          2256.4727738325905
        ],
        [
          -0.07322212941628858,
          -0.9946898099788317,
          0.07232359012120218,
          838.1058953020593
        ],
        [
          0.0,
          0.0,
          0.0,
          1.0
        ]
      ],
      "instance_id": 1,
      "score": 0.0
    },
    {
      "location": {
        "x": 3967.2,
        "y": 2188.596378187925,
        "z": 843.5636911678038
      },
      "transformation_": [
        [
          -0.7030092092781567,
          -0.007477123044563938,
          0.7111414376205887,
          3967.2
        ],
        [
          -0.7051964988344772,
          -0.12211744733167097,
          -0.6984162276814536,
          2188.596378187925
        ],
        [
          0.09206492112469544,
          -0.9924874919555275,
          0.0805768490953238,
          843.5636911678038
        ],
        [
          0.0,
          0.0,
          0.0,
          1.0
        ]
      ],
      "instance_id": 1,
      "score": 0.0
    },
    {
      "location": {
        "x": 4037.2,
        "y": 2120.3133342578662,
        "z": 848.960127270673
      },
      "transformation_": [
        [
          -0.7034851966545314,
          -0.010171159347286796,
          0.7106371265318661,
          4037.2
        ],
        [
          -0.7030424659463834,
          -0.13651978433366524,
          -0.6979209407673034,
          2120.3133342578662
        ],
        [
          0.10411469235397852,
          -0.9905851280950172,
          0.08888889038015253,
          848.960127270673
        ],
        [
          0.0,
          0.0,
          0.0,
          1.0
        ]
      ],
      "instance_id": 1,
      "score": 0.0
    },
    {
      "location": {
        "x": 4107.2,
        "y": 2051.61295226748,
        "z": 854.2902219009334
      },
      "transformation_": [
        [
          -0.7027854564370412,
          -0.008743082934929591,
          0.7113481290629596,
          4107.2
        ],
        [
          -0.7056604816010257,
          -0.11821365974836304,
          -0.6986192205740599,
          2051.61295226748
        ],
        [
          0.09019915147709823,
          -0.9929496911473871,
          0.07690919270880628,
          854.2902219009334
        ],
        [
          0.0,
          0.0,
